0 0.659766 0.420833 0.124219 0.147917
8 0.304297 0.814583 0.025781 0.041667
8 0.235937 0.811458 0.023438 0.029167
8 0.480859 0.684896 0.024219 0.030208
8 0.491406 0.707292 0.026562 0.029167
7 0.948828 0.653646 0.102344 0.148958
7 0.907422 0.915625 0.111719 0.139583
7 0.729688 0.952083 0.087500 0.095833
7 0.600000 0.872396 0.089063 0.117708
7 0.540234 0.630729 0.103906 0.151042
7 0.719531 0.577083 0.101562 0.133333
7 0.786328 0.350000 0.099219 0.143750
7 0.893359 0.202604 0.107031 0.126042
7 0.686328 0.063542 0.100781 0.120833
7 0.376953 0.493750 0.102344 0.122917
7 0.523828 0.227604 0.092969 0.136458
7 0.312500 0.073438 0.100000 0.144792
7 0.281250 0.243750 0.093750 0.122917
7 0.186719 0.360938 0.100000 0.130208
7 0.037891 0.231771 0.074219 0.128125
7 0.037500 0.370312 0.073438 0.123958
7 0.238672 0.961979 0.086719 0.076042
8 0.972266 0.613021 0.027344 0.034375
8 0.884766 0.593229 0.024219 0.030208
